32
1 2 2 2 2 2 3 3 3 3 3 3 4 4 4 4 4 4 4 4 4 4 4 4 4 4 4 4 4 4 4 4

153
1 1 1 1 1 2 2 2 2 2 2 3 3 3 3 3 3 3 3 3 3 3 3 3 3 3 3 3 3 3 3 4 4 4 4 4 4 4 4 4 4 4 4 4 4 4 4 4 4 4 4 4 5 5 5 5 5 5 5 5 5 5 5 5 5 5 5 5 5 5 5 5 5 5 5 5 5 5 5 5 5 5 5 5 5 5 5 5 5 5 5 5 5 5 5 5 5 5 5 5 5 5 6 6 6 6 6 6 6 6 6 6 6 6 6 6 6 6 6 6 6 6 6 6 6 6 6 6 6 6 6 6 6 6 6 6 6 6 6 6 6 6 6 6 6 6 6 6 6 6 6 6 6

37
1000000000 1000000000 1000000000 1000000000 1000000000 1 1 1 1 1 1 1 1 1 1 2 2 2 2 2 2 2 2 2 2 2 2 2 2 2 2 2 2 2 2 2 2 2

16
3 3 4 4 4 4 5 5 5 5 5 5 5 5 5 5

20
2 2 2 2 2 2 2 2 2 2 1 1 1 1 1 1 1 1 1 1


20
2 2 2 2 2 1 1 1 1 1 1 1 1 1 1 1 1 1 1 1
15



3
1337 1337 1337
3

10
6 6 6 3 6 1000000000 3 3 6 6
9

18
2 1 2 10 2 10 10 2 2 1 10 10 10 10 1 1 10 10
14













