6 8 16 32 185 40 10
5 1 2 2 2 2
5 2 1 2 2 2
5 2 2 1 2 2
5 2 2 2 1 2
5 2 2 2 2 1
7 2 3 4 5 4 5 3
3 1000 997 994
100 55 15 5 75 35 185 175 100 5 10 55 15 5 75 35 185 175 100 5 10 55 15 5 75 35 185 175 100 5 10 55 15 5 75 35 185 175 100 5 10 55 15 5 75 35 185 175 100 5 10 55 15 5 75 35 185 175 100 5 10 55 15 5 75 35 185 175 100 5 10 55 15 5 75 35 185 175 100 5 10 55 15 5 75 35 185 175 100 5 10 55 15 5 75 35 185 175 100 5 10
100 1000 15 23 21 25 32 25 23 21 25 1000 15 23 21 25 32 25 23 21 25 1000 15 23 21 25 32 25 23 21 25 1000 15 23 21 25 32 25 23 21 25 1000 15 23 21 25 32 25 23 21 25 1000 15 23 21 25 32 25 23 21 25 1000 15 23 21 25 32 25 23 21 25 1000 15 23 21 25 32 25 23 21 25 1000 15 23 21 25 32 25 23 21 25 1000 15 23 21 25 32 25 23 21 25
100 1 2 10 545 21 45 6 5 20 100 1 2 10 545 21 45 6 5 20 100 1 2 10 545 21 45 6 5 20 100 1 2 10 545 21 45 6 5 20 100 1 2 10 545 21 45 6 5 20 100 1 2 10 545 21 45 6 5 20 100 1 2 10 545 21 1 6 5 20 100 1 2 10 545 21 45 6 5 20 100 1 2 10 545 21 45 6 5 20 100 1 2 10 545 21 45 6 5 20 100
5  6 4 2 14 8
100 1000 1000 1000 1000 1000 1000 1000 1000 1000 1000 1000 1000 1000 1000 1000 1000 1000 1000 1000 1000 1000 1000 1000 1000 1000 1000 1000 1000 1000 1000 1000 1000 1000 1000 1000 1000 1000 1000 1000 1000 1000 1000 1000 1000 1000 1000 1000 1000 1000 1000 1000 1000 1000 1000 1000 1000 1000 1000 1000 1000 1000 1000 1000 1000 1000 1000 1000 1000 1000 1000 1000 1000 1000 1000 1000 1000 1000 1000 1000 1000 1000 1000 1000 1000 1000 1000 1000 1000 1000 1000 1000 1000 1000 1000 1000 1000 1000 1000 1000 1000
0
